Itération: 0
0 0 1 0 0 0 1 0 0 0 
0 0 0 1 0 0 1 0 0 0 
0 1 1 1 0 0 0 0 0 0 
0 0 0 0 0 0 0 0 0 0 
0 0 0 0 0 0 0 0 0 0 
0 0 0 0 0 0 0 0 0 0 
0 0 0 0 0 0 0 0 0 0 
0 0 0 0 0 0 0 0 0 0 
0 0 0 0 0 0 0 0 0 0 
0 0 0 0 0 0 0 0 0 0 
0 0 0 0 0 0 0 0 0 0 
0 0 0 0 0 0 0 0 0 0 
0 0 0 0 0 0 0 0 0 0 
0 0 0 0 0 0 0 0 0 0 
0 0 0 0 0 0 0 0 0 0 

Itération: 1
0 0 0 0 0 0 1 0 0 0 
0 1 0 1 0 0 1 0 0 0 
0 0 1 1 0 0 0 0 0 0 
0 0 1 0 0 0 0 0 0 0 
0 0 0 0 0 0 0 0 0 0 
0 0 0 0 0 0 0 0 0 0 
0 0 0 0 0 0 0 0 0 0 
0 0 0 0 0 0 0 0 0 0 
0 0 0 0 0 0 0 0 0 0 
0 0 0 0 0 0 0 0 0 0 
0 0 0 0 0 0 0 0 0 0 
0 0 0 0 0 0 0 0 0 0 
0 0 0 0 0 0 0 0 0 0 
0 0 0 0 0 0 0 0 0 0 
0 0 0 0 0 0 0 0 0 0 

Itération: 2
0 0 0 0 0 0 1 0 0 0 
0 0 0 1 0 0 1 0 0 0 
0 1 0 1 0 0 0 0 0 0 
0 0 1 1 0 0 0 0 0 0 
0 0 0 0 0 0 0 0 0 0 
0 0 0 0 0 0 0 0 0 0 
0 0 0 0 0 0 0 0 0 0 
0 0 0 0 0 0 0 0 0 0 
0 0 0 0 0 0 0 0 0 0 
0 0 0 0 0 0 0 0 0 0 
0 0 0 0 0 0 0 0 0 0 
0 0 0 0 0 0 0 0 0 0 
0 0 0 0 0 0 0 0 0 0 
0 0 0 0 0 0 0 0 0 0 
0 0 0 0 0 0 0 0 0 0 

Itération: 3
0 0 0 0 0 0 1 0 0 0 
0 0 1 0 0 0 1 0 0 0 
0 0 0 1 1 0 0 0 0 0 
0 0 1 1 0 0 0 0 0 0 
0 0 0 0 0 0 0 0 0 0 
0 0 0 0 0 0 0 0 0 0 
0 0 0 0 0 0 0 0 0 0 
0 0 0 0 0 0 0 0 0 0 
0 0 0 0 0 0 0 0 0 0 
0 0 0 0 0 0 0 0 0 0 
0 0 0 0 0 0 0 0 0 0 
0 0 0 0 0 0 0 0 0 0 
0 0 0 0 0 0 0 0 0 0 
0 0 0 0 0 0 0 0 0 0 
0 0 0 0 0 0 0 0 0 0 

Itération: 4
0 0 0 0 0 0 1 0 0 0 
0 0 0 1 0 1 1 0 0 0 
0 0 0 0 1 0 0 0 0 0 
0 0 1 1 1 0 0 0 0 0 
0 0 0 0 0 0 0 0 0 0 
0 0 0 0 0 0 0 0 0 0 
0 0 0 0 0 0 0 0 0 0 
0 0 0 0 0 0 0 0 0 0 
0 0 0 0 0 0 0 0 0 0 
0 0 0 0 0 0 0 0 0 0 
0 0 0 0 0 0 0 0 0 0 
0 0 0 0 0 0 0 0 0 0 
0 0 0 0 0 0 0 0 0 0 
0 0 0 0 0 0 0 0 0 0 
0 0 0 0 0 0 0 0 0 0 

Itération: 5
0 0 0 0 0 1 1 0 0 0 
0 0 0 0 1 1 1 0 0 0 
0 0 1 0 0 0 0 0 0 0 
0 0 0 1 1 0 0 0 0 0 
0 0 0 1 0 0 0 0 0 0 
0 0 0 0 0 0 0 0 0 0 
0 0 0 0 0 0 0 0 0 0 
0 0 0 0 0 0 0 0 0 0 
0 0 0 0 0 0 0 0 0 0 
0 0 0 0 0 0 0 0 0 0 
0 0 0 0 0 0 0 0 0 0 
0 0 0 0 0 0 0 0 0 0 
0 0 0 0 0 0 0 0 0 0 
0 0 0 0 0 0 0 0 0 0 
0 0 0 0 0 0 0 0 0 0 

Itération: 6
0 0 0 0 1 0 1 0 0 0 
0 0 0 0 1 0 1 0 0 0 
0 0 0 0 0 0 0 0 0 0 
0 0 1 1 1 0 0 0 0 0 
0 0 0 1 1 0 0 0 0 0 
0 0 0 0 0 0 0 0 0 0 
0 0 0 0 0 0 0 0 0 0 
0 0 0 0 0 0 0 0 0 0 
0 0 0 0 0 0 0 0 0 0 
0 0 0 0 0 0 0 0 0 0 
0 0 0 0 0 0 0 0 0 0 
0 0 0 0 0 0 0 0 0 0 
0 0 0 0 0 0 0 0 0 0 
0 0 0 0 0 0 0 0 0 0 
0 0 0 0 0 0 0 0 0 0 

Itération: 7
0 0 0 0 0 0 1 0 0 0 
0 0 0 0 0 0 1 0 0 0 
0 0 0 0 1 1 0 0 0 0 
0 0 1 0 1 0 0 0 0 0 
0 0 1 0 1 0 0 0 0 0 
0 0 0 0 0 0 0 0 0 0 
0 0 0 0 0 0 0 0 0 0 
0 0 0 0 0 0 0 0 0 0 
0 0 0 0 0 0 0 0 0 0 
0 0 0 0 0 0 0 0 0 0 
0 0 0 0 0 0 0 0 0 0 
0 0 0 0 0 0 0 0 0 0 
0 0 0 0 0 0 0 0 0 0 
0 0 0 0 0 0 0 0 0 0 
0 0 0 0 0 0 0 0 0 0 

Itération: 8
0 0 0 0 0 0 1 0 0 0 
0 0 0 0 0 0 1 0 0 0 
0 0 0 1 1 1 0 0 0 0 
0 0 0 0 1 0 0 0 0 0 
0 0 0 0 0 0 0 0 0 0 
0 0 0 0 0 0 0 0 0 0 
0 0 0 0 0 0 0 0 0 0 
0 0 0 0 0 0 0 0 0 0 
0 0 0 0 0 0 0 0 0 0 
0 0 0 0 0 0 0 0 0 0 
0 0 0 0 0 0 0 0 0 0 
0 0 0 0 0 0 0 0 0 0 
0 0 0 0 0 0 0 0 0 0 
0 0 0 0 0 0 0 0 0 0 
0 0 0 0 0 0 0 0 0 0 

Itération: 9
0 0 0 0 0 0 1 0 0 0 
0 0 0 0 1 0 1 0 0 0 
0 0 0 1 1 1 0 0 0 0 
0 0 0 1 1 1 0 0 0 0 
0 0 0 0 0 0 0 0 0 0 
0 0 0 0 0 0 0 0 0 0 
0 0 0 0 0 0 0 0 0 0 
0 0 0 0 0 0 0 0 0 0 
0 0 0 0 0 0 0 0 0 0 
0 0 0 0 0 0 0 0 0 0 
0 0 0 0 0 0 0 0 0 0 
0 0 0 0 0 0 0 0 0 0 
0 0 0 0 0 0 0 0 0 0 
0 0 0 0 0 0 0 0 0 0 
0 0 0 0 0 0 0 0 0 0 

Itération: 10
0 0 0 0 0 1 1 0 0 0 
0 0 0 1 1 0 1 0 0 0 
0 0 0 0 0 0 1 0 0 0 
0 0 0 1 0 1 0 0 0 0 
0 0 0 0 1 0 0 0 0 0 
0 0 0 0 0 0 0 0 0 0 
0 0 0 0 0 0 0 0 0 0 
0 0 0 0 0 0 0 0 0 0 
0 0 0 0 0 0 0 0 0 0 
0 0 0 0 0 0 0 0 0 0 
0 0 0 0 0 0 0 0 0 0 
0 0 0 0 0 0 0 0 0 0 
0 0 0 0 0 0 0 0 0 0 
0 0 0 0 0 0 0 0 0 0 
0 0 0 0 0 0 0 0 0 0 

Itération: 11
0 0 0 0 1 1 1 0 0 0 
0 0 0 0 1 0 1 1 0 0 
0 0 0 1 0 0 1 0 0 0 
0 0 0 0 1 1 0 0 0 0 
0 0 0 0 1 0 0 0 0 0 
0 0 0 0 0 0 0 0 0 0 
0 0 0 0 0 0 0 0 0 0 
0 0 0 0 0 0 0 0 0 0 
0 0 0 0 0 0 0 0 0 0 
0 0 0 0 0 0 0 0 0 0 
0 0 0 0 0 0 0 0 0 0 
0 0 0 0 0 0 0 0 0 0 
0 0 0 0 0 0 0 0 0 0 
0 0 0 0 0 0 0 0 0 0 
0 0 0 0 0 0 0 0 0 0 

Itération: 12
0 0 0 0 1 0 1 1 0 0 
0 0 0 1 1 0 1 1 0 0 
0 0 0 1 0 0 1 1 0 0 
0 0 0 1 1 1 0 0 0 0 
0 0 0 0 1 1 0 0 0 0 
0 0 0 0 0 0 0 0 0 0 
0 0 0 0 0 0 0 0 0 0 
0 0 0 0 0 0 0 0 0 0 
0 0 0 0 0 0 0 0 0 0 
0 0 0 0 0 0 0 0 0 0 
0 0 0 0 0 0 0 0 0 0 
0 0 0 0 0 0 0 0 0 0 
0 0 0 0 0 0 0 0 0 0 
0 0 0 0 0 0 0 0 0 0 
0 0 0 0 0 1 0 0 0 0 

Itération: 13
0 0 0 1 1 0 1 1 0 0 
0 0 0 1 1 0 1 0 1 0 
0 0 1 0 0 0 0 1 0 0 
0 0 0 1 0 0 0 0 0 0 
0 0 0 1 0 1 0 0 0 0 
0 0 0 0 0 0 0 0 0 0 
0 0 0 0 0 0 0 0 0 0 
0 0 0 0 0 0 0 0 0 0 
0 0 0 0 0 0 0 0 0 0 
0 0 0 0 0 0 0 0 0 0 
0 0 0 0 0 0 0 0 0 0 
0 0 0 0 0 0 0 0 0 0 
0 0 0 0 0 0 0 0 0 0 
0 0 0 0 0 0 0 0 0 0 
0 0 0 0 0 1 1 0 0 0 

Itération: 14
0 0 0 1 0 0 1 0 0 0 
0 0 1 0 1 0 1 0 1 0 
0 0 1 0 1 0 0 1 0 0 
0 0 1 1 1 0 0 0 0 0 
0 0 0 0 1 0 0 0 0 0 
0 0 0 0 0 0 0 0 0 0 
0 0 0 0 0 0 0 0 0 0 
0 0 0 0 0 0 0 0 0 0 
0 0 0 0 0 0 0 0 0 0 
0 0 0 0 0 0 0 0 0 0 
0 0 0 0 0 0 0 0 0 0 
0 0 0 0 0 0 0 0 0 0 
0 0 0 0 0 0 0 0 0 0 
0 0 0 0 0 0 0 0 0 0 
0 0 0 0 1 1 1 1 0 0 

Itération: 15
0 0 0 1 0 0 1 0 0 0 
0 0 1 0 1 0 1 0 0 0 
0 1 1 0 1 0 0 1 0 0 
0 0 1 0 1 1 0 0 0 0 
0 0 0 0 1 0 0 0 0 0 
0 0 0 0 0 0 0 0 0 0 
0 0 0 0 0 0 0 0 0 0 
0 0 0 0 0 0 0 0 0 0 
0 0 0 0 0 0 0 0 0 0 
0 0 0 0 0 0 0 0 0 0 
0 0 0 0 0 0 0 0 0 0 
0 0 0 0 0 0 0 0 0 0 
0 0 0 0 0 0 0 0 0 0 
0 0 0 0 0 1 1 0 0 0 
0 0 0 0 1 1 1 1 0 0 

Itération: 16
0 0 0 1 0 0 1 0 0 0 
0 1 1 0 1 0 1 1 0 0 
0 1 1 0 1 0 1 0 0 0 
0 1 1 0 1 1 0 0 0 0 
0 0 0 1 1 1 0 0 0 0 
0 0 0 0 0 0 0 0 0 0 
0 0 0 0 0 0 0 0 0 0 
0 0 0 0 0 0 0 0 0 0 
0 0 0 0 0 0 0 0 0 0 
0 0 0 0 0 0 0 0 0 0 
0 0 0 0 0 0 0 0 0 0 
0 0 0 0 0 0 0 0 0 0 
0 0 0 0 0 0 0 0 0 0 
0 0 0 0 1 0 0 1 0 0 
0 0 0 0 1 0 0 1 0 0 

Itération: 17
0 0 1 1 1 0 1 0 0 0 
0 1 0 0 1 0 1 1 0 0 
1 0 0 0 1 0 1 1 0 0 
0 1 0 0 0 0 1 0 0 0 
0 0 1 1 0 1 0 0 0 0 
0 0 0 0 1 0 0 0 0 0 
0 0 0 0 0 0 0 0 0 0 
0 0 0 0 0 0 0 0 0 0 
0 0 0 0 0 0 0 0 0 0 
0 0 0 0 0 0 0 0 0 0 
0 0 0 0 0 0 0 0 0 0 
0 0 0 0 0 0 0 0 0 0 
0 0 0 0 0 0 0 0 0 0 
0 0 0 0 0 0 0 0 0 0 
0 0 0 1 1 1 1 1 0 0 

Itération: 18
0 0 1 0 0 0 1 0 0 0 
0 1 1 0 1 0 1 0 0 0 
1 1 0 0 0 0 0 0 0 0 
0 1 1 1 1 0 1 0 0 0 
0 0 1 1 1 1 0 0 0 0 
0 0 0 1 1 0 0 0 0 0 
0 0 0 0 0 0 0 0 0 0 
0 0 0 0 0 0 0 0 0 0 
0 0 0 0 0 0 0 0 0 0 
0 0 0 0 0 0 0 0 0 0 
0 0 0 0 0 0 0 0 0 0 
0 0 0 0 0 0 0 0 0 0 
0 0 0 0 0 0 0 0 0 0 
0 0 0 0 1 1 1 0 0 0 
0 0 1 0 0 0 1 1 0 0 

Itération: 19
0 0 1 0 0 0 1 0 0 0 
1 0 1 1 0 1 1 0 0 0 
1 0 0 0 1 0 0 0 0 0 
1 0 0 0 0 0 0 0 0 0 
0 1 0 0 0 0 0 0 0 0 
0 0 1 0 0 1 0 0 0 0 
0 0 0 0 0 0 0 0 0 0 
0 0 0 0 0 0 0 0 0 0 
0 0 0 0 0 0 0 0 0 0 
0 0 0 0 0 0 0 0 0 0 
0 0 0 0 0 0 0 0 0 0 
0 0 0 0 0 0 0 0 0 0 
0 0 0 0 0 1 0 0 0 0 
0 0 0 0 0 1 1 1 0 0 
0 0 0 1 0 0 0 1 0 0 

Itération: 20
0 1 1 0 1 1 1 1 0 0 
0 0 1 1 1 1 1 0 0 0 
1 0 0 1 1 1 0 0 0 1 
1 1 0 0 0 0 0 0 0 0 
0 1 0 0 0 0 0 0 0 0 
0 0 0 0 0 0 0 0 0 0 
0 0 0 0 0 0 0 0 0 0 
0 0 0 0 0 0 0 0 0 0 
0 0 0 0 0 0 0 0 0 0 
0 0 0 0 0 0 0 0 0 0 
0 0 0 0 0 0 0 0 0 0 
0 0 0 0 0 0 0 0 0 0 
0 0 0 0 0 1 0 0 0 0 
0 0 0 0 1 1 0 1 0 0 
0 0 0 0 0 1 0 1 0 0 

Itération: 21
0 1 1 0 0 0 1 1 0 0 
1 0 0 0 0 0 1 1 0 0 
1 0 0 0 0 0 1 0 0 1 
0 1 1 0 1 0 0 0 0 1 
1 1 0 0 0 0 0 0 0 0 
0 0 0 0 0 0 0 0 0 0 
0 0 0 0 0 0 0 0 0 0 
0 0 0 0 0 0 0 0 0 0 
0 0 0 0 0 0 0 0 0 0 
0 0 0 0 0 0 0 0 0 0 
0 0 0 0 0 0 0 0 0 0 
0 0 0 0 0 0 0 0 0 0 
0 0 0 0 1 1 1 0 0 0 
0 0 0 0 1 1 0 0 0 0 
0 0 0 1 0 0 0 1 1 0 

Itération: 22
0 1 1 0 0 0 1 0 0 0 
1 0 0 0 0 1 1 0 1 1 
0 0 0 0 0 1 1 1 1 1 
0 0 1 0 0 0 0 0 0 1 
1 1 1 0 0 0 0 0 0 0 
0 0 0 0 0 0 0 0 0 0 
0 0 0 0 0 0 0 0 0 0 
0 0 0 0 0 0 0 0 0 0 
0 0 0 0 0 0 0 0 0 0 
0 0 0 0 0 0 0 0 0 0 
0 0 0 0 0 0 0 0 0 0 
0 0 0 0 0 1 0 0 0 0 
0 0 0 0 1 0 1 0 0 0 
0 0 0 1 0 0 0 1 0 0 
0 0 1 1 1 1 0 1 1 0 

Itération: 23
1 1 1 0 0 0 1 0 0 0 
1 1 0 0 0 0 1 0 0 0 
0 0 0 0 0 1 0 0 0 0 
0 0 1 0 0 0 1 0 0 1 
1 1 1 0 0 0 0 0 0 0 
0 1 0 0 0 0 0 0 0 0 
0 0 0 0 0 0 0 0 0 0 
0 0 0 0 0 0 0 0 0 0 
0 0 0 0 0 0 0 0 0 0 
0 0 0 0 0 0 0 0 0 0 
0 0 0 0 0 0 0 0 0 0 
0 0 0 0 0 1 0 0 0 0 
0 0 0 0 1 1 1 0 0 0 
0 0 1 0 0 0 0 1 1 0 
0 1 0 0 1 1 0 1 1 0 

Itération: 24
0 0 1 0 0 0 1 0 0 1 
1 0 1 0 0 1 1 0 0 0 
1 1 0 0 0 1 1 0 0 0 
1 0 1 0 0 0 0 0 0 0 
1 0 1 0 0 0 0 0 0 0 
1 1 1 0 0 0 0 0 0 0 
0 0 0 0 0 0 0 0 0 0 
0 0 0 0 0 0 0 0 0 0 
0 0 0 0 0 0 0 0 0 0 
0 0 0 0 0 0 0 0 0 0 
0 0 0 0 0 0 0 0 0 0 
0 0 0 0 1 1 1 0 0 0 
0 0 0 0 1 1 1 1 0 0 
0 0 0 1 0 0 0 0 1 0 
1 0 0 1 0 1 0 0 1 1 

Itération: 25
0 0 1 1 1 0 1 1 1 0 
1 0 1 0 0 0 1 1 0 1 
1 0 1 0 0 1 1 0 0 1 
1 0 1 0 0 0 0 0 0 1 
1 0 1 1 0 0 0 0 0 1 
1 0 1 0 0 0 0 0 0 0 
0 1 0 0 0 0 0 0 0 0 
0 0 0 0 0 0 0 0 0 0 
0 0 0 0 0 0 0 0 0 0 
0 0 0 0 0 0 0 0 0 0 
0 0 0 0 0 1 0 0 0 0 
0 0 0 0 1 0 0 1 0 0 
0 0 0 1 0 0 0 1 0 0 
0 0 0 1 0 0 0 0 1 0 
1 0 1 1 1 0 0 1 1 0 

Itération: 26
1 0 0 0 1 0 1 0 0 0 
1 0 1 0 1 0 1 0 0 0 
0 0 1 1 0 1 1 1 0 0 
0 0 1 0 0 0 0 0 1 0 
0 0 1 1 0 0 0 0 0 0 
1 0 1 1 0 0 0 0 0 1 
0 1 0 0 0 0 0 0 0 0 
0 0 0 0 0 0 0 0 0 0 
0 0 0 0 0 0 0 0 0 0 
0 0 0 0 0 0 0 0 0 0 
0 0 0 0 0 0 0 0 0 0 
0 0 0 0 1 0 1 0 0 0 
0 0 0 1 1 0 0 1 1 0 
0 0 0 0 0 0 0 0 1 1 
0 1 0 0 0 1 1 0 0 0 

Itération: 27
1 0 0 1 1 0 1 1 0 0 
0 0 1 0 1 0 1 0 0 0 
0 0 1 0 1 1 1 1 0 0 
0 1 0 0 1 0 1 0 0 0 
0 0 0 0 0 0 0 0 0 1 
1 0 0 1 0 0 0 0 0 0 
1 1 1 0 0 0 0 0 0 0 
0 0 0 0 0 0 0 0 0 0 
0 0 0 0 0 0 0 0 0 0 
0 0 0 0 0 0 0 0 0 0 
0 0 0 0 0 0 0 0 0 0 
0 0 0 1 1 1 0 1 0 0 
0 0 0 1 1 1 0 1 1 1 
0 0 0 0 1 1 1 0 1 1 
1 0 0 0 0 1 1 1 0 1 

Itération: 28
1 1 0 1 1 0 1 0 1 1 
0 1 1 0 0 0 1 0 0 0 
0 1 1 0 1 0 0 1 0 0 
0 0 0 1 1 0 1 0 0 0 
1 0 0 0 0 0 0 0 0 0 
1 0 1 0 0 0 0 0 0 1 
1 1 1 0 0 0 0 0 0 0 
0 1 0 0 0 0 0 0 0 0 
0 0 0 0 0 0 0 0 0 0 
0 0 0 0 0 0 0 0 0 0 
0 0 0 0 1 0 0 0 0 0 
0 0 0 1 0 1 0 1 0 0 
0 0 0 0 0 0 0 0 0 1 
0 0 0 1 0 0 0 0 0 0 
1 0 0 1 0 0 0 0 0 0 

Itération: 29
0 0 0 1 1 1 1 1 0 1 
0 0 0 0 1 0 1 0 1 1 
0 1 0 0 1 0 1 1 0 0 
0 1 1 1 1 1 0 0 0 0 
1 1 0 1 0 0 0 0 0 1 
0 0 1 0 0 0 0 0 0 1 
0 0 1 0 0 0 0 0 0 1 
1 1 1 0 0 0 0 0 0 0 
0 0 0 0 0 0 0 0 0 0 
0 0 0 0 0 0 0 0 0 0 
0 0 0 0 1 0 0 0 0 0 
0 0 0 0 1 0 0 0 0 0 
0 0 0 0 1 0 0 0 0 0 
0 0 0 0 0 0 0 0 0 0 
1 1 0 1 0 0 0 0 0 0 

Itération: 30
0 0 1 1 0 0 1 1 0 1 
1 0 0 0 0 0 1 0 0 1 
1 1 0 0 0 0 1 1 1 0 
0 0 0 0 0 1 1 0 0 0 
0 0 0 0 0 0 0 0 0 1 
0 0 1 1 0 0 0 0 1 1 
0 0 1 1 0 0 0 0 0 1 
1 1 1 0 0 0 0 0 0 0 
0 1 0 0 0 0 0 0 0 0 
0 0 0 0 0 0 0 0 0 0 
0 0 0 0 0 0 0 0 0 0 
0 0 0 1 1 1 0 0 0 0 
0 0 0 0 0 0 0 0 0 0 
0 0 0 0 0 0 0 0 0 0 
1 0 1 1 0 1 1 0 0 0 

Itération: 31
0 0 1 1 1 0 1 1 1 1 
0 0 1 0 0 1 1 0 0 0 
1 1 0 0 0 0 0 0 1 0 
1 0 0 0 0 1 1 0 1 1 
0 0 0 0 0 0 0 0 1 1 
1 0 1 1 0 0 0 0 1 1 
0 0 0 0 0 0 0 0 1 1 
1 0 0 1 0 0 0 0 0 0 
1 1 1 0 0 0 0 0 0 0 
0 0 0 0 0 0 0 0 0 0 
0 0 0 0 1 0 0 0 0 0 
0 0 0 0 1 0 0 0 0 0 
0 0 0 0 1 0 0 0 0 0 
0 0 0 0 0 0 0 0 0 0 
0 1 1 1 1 1 1 1 0 0 

Itération: 32
0 0 0 0 0 0 1 0 1 0 
1 0 1 0 1 1 1 0 0 0 
1 1 0 0 0 0 0 0 1 0 
0 1 0 0 0 0 0 0 0 0 
0 1 0 0 0 0 0 0 0 0 
1 0 0 0 0 0 0 1 0 0 
0 1 1 1 0 0 0 0 1 0 
1 0 1 0 0 0 0 0 0 0 
1 1 1 0 0 0 0 0 0 0 
0 1 0 0 0 0 0 0 0 0 
0 0 0 0 0 0 0 0 0 0 
0 0 0 1 1 1 0 0 0 0 
0 0 0 0 0 0 0 0 0 0 
0 0 1 0 0 0 1 0 0 0 
0 1 0 0 0 0 0 0 0 0 

Itération: 33
0 1 0 0 0 0 1 1 0 0 
1 0 0 0 0 1 1 0 0 0 
1 0 1 0 0 1 0 0 0 1 
0 1 1 0 0 0 0 0 0 0 
1 1 0 0 0 0 0 0 0 0 
1 0 0 0 0 0 0 0 0 0 
1 0 1 1 0 0 0 0 0 1 
1 0 0 0 0 0 0 0 0 1 
1 0 1 0 0 0 0 0 0 0 
1 1 1 0 0 0 0 0 0 0 
0 0 0 0 1 0 0 0 0 0 
0 0 0 0 1 0 0 0 0 0 
0 0 0 1 1 1 0 0 0 0 
0 0 0 0 0 0 0 0 0 0 
0 0 0 0 0 0 0 1 0 0 

Itération: 34
0 0 0 0 0 1 1 1 0 0 
1 0 0 0 0 1 1 1 0 1 
1 0 1 0 0 1 1 0 0 1 
0 0 1 0 0 0 0 0 0 1 
1 0 1 0 0 0 0 0 0 0 
0 0 1 0 0 0 0 0 0 0 
0 0 0 0 0 0 0 0 0 0 
0 0 1 1 0 0 0 0 0 0 
0 0 1 0 0 0 0 0 0 0 
1 0 1 1 0 0 0 0 0 0 
0 1 0 1 0 0 0 0 0 0 
0 0 0 0 0 0 0 0 0 0 
0 0 0 1 1 1 0 0 0 0 
0 0 0 0 1 0 0 0 0 0 
0 0 0 0 0 0 1 1 0 0 

Itération: 35
0 0 0 0 0 0 1 0 0 0 
1 1 0 0 1 0 1 0 0 1 
0 0 0 0 0 1 0 1 0 0 
0 0 1 1 0 0 0 0 0 1 
0 0 1 1 0 0 0 0 0 0 
0 1 0 0 0 0 0 0 0 0 
0 0 1 1 0 0 0 0 0 0 
0 0 1 1 0 0 0 0 0 0 
0 0 0 0 0 0 0 0 0 0 
0 0 0 1 0 0 0 0 0 0 
0 1 0 1 0 0 0 0 0 0 
0 0 1 1 0 0 0 0 0 0 
0 0 0 1 1 1 0 0 0 0 
0 0 0 1 1 0 1 0 0 0 
0 0 0 0 0 0 0 1 0 0 

Itération: 36
1 0 0 0 0 1 1 1 0 0 
1 0 0 0 0 0 1 1 0 0 
0 1 1 1 1 1 1 0 1 1 
0 0 1 1 1 0 0 0 0 0 
0 1 0 1 0 0 0 0 0 0 
0 1 0 0 0 0 0 0 0 0 
0 1 0 1 0 0 0 0 0 0 
0 0 1 1 0 0 0 0 0 0 
0 0 1 1 0 0 0 0 0 0 
0 0 1 0 0 0 0 0 0 0 
0 0 0 1 1 0 0 0 0 0 
0 0 0 0 0 0 0 0 0 0 
0 0 0 0 0 1 0 0 0 0 
0 0 0 1 0 0 1 0 0 0 
0 0 0 0 0 1 1 1 0 0 

Itération: 37
0 0 0 0 0 0 1 0 1 0 
1 0 1 1 0 0 1 0 0 0 
1 1 0 0 0 0 1 0 1 1 
1 0 0 0 0 0 0 0 0 0 
0 1 0 1 1 0 0 0 0 0 
1 1 0 0 0 0 0 0 0 0 
0 1 0 1 0 0 0 0 0 0 
0 1 0 0 1 0 0 0 0 0 
0 1 0 0 0 0 0 0 0 0 
0 0 1 0 1 0 0 0 0 0 
0 0 0 1 0 0 0 0 0 0 
0 0 0 0 1 0 0 0 0 0 
0 0 0 0 0 0 0 0 0 0 
0 0 0 0 1 0 0 1 0 0 
0 0 0 0 1 0 0 0 0 0 

Itération: 38
0 0 0 1 0 1 1 1 0 0 
1 0 1 0 0 1 1 0 1 0 
0 0 1 0 0 0 0 1 0 0 
0 0 1 0 0 0 0 0 0 0 
0 1 1 0 0 0 0 0 0 0 
1 1 0 1 1 0 0 0 0 0 
0 1 0 0 0 0 0 0 0 0 
1 1 0 0 0 0 0 0 0 0 
0 1 1 1 0 0 0 0 0 0 
0 0 1 1 0 0 0 0 0 0 
0 0 0 1 1 0 0 0 0 0 
0 0 0 0 0 0 0 0 0 0 
0 0 0 0 0 0 0 0 0 0 
0 0 0 0 0 0 0 0 0 0 
0 0 0 0 0 1 0 1 0 0 

Itération: 39
0 0 0 0 0 0 1 0 1 0 
0 1 1 1 1 1 1 0 1 0 
0 0 1 1 0 0 1 1 0 0 
0 0 1 1 0 0 0 0 0 0 
1 0 0 0 0 0 0 0 0 0 
1 0 0 1 0 0 0 0 0 0 
0 0 0 0 0 0 0 0 0 0 
1 0 0 0 0 0 0 0 0 0 
1 0 0 1 0 0 0 0 0 0 
0 1 0 0 0 0 0 0 0 0 
0 0 1 1 1 0 0 0 0 0 
0 0 0 0 0 0 0 0 0 0 
0 0 0 0 0 0 0 0 0 0 
0 0 0 0 0 0 0 0 0 0 
0 0 0 0 1 1 0 1 0 0 

Itération: 40
0 0 1 0 0 0 1 0 1 0 
0 1 0 0 1 0 1 0 1 0 
0 0 0 0 0 0 1 1 0 0 
0 1 1 1 0 0 0 0 0 0 
0 1 1 1 0 0 0 0 0 0 
0 0 0 0 0 0 0 0 0 0 
0 0 0 0 0 0 0 0 0 0 
0 0 0 0 0 0 0 0 0 0 
1 1 0 0 0 0 0 0 0 0 
0 1 0 0 1 0 0 0 0 0 
0 0 1 1 0 0 0 0 0 0 
0 0 0 1 0 0 0 0 0 0 
0 0 0 0 0 0 0 0 0 0 
0 0 0 0 0 0 0 0 0 0 
0 0 0 0 0 1 1 1 0 0 

Itération: 41
0 0 0 0 0 0 1 0 1 0 
0 0 0 0 0 0 1 0 1 0 
0 1 0 1 0 1 1 1 0 0 
0 1 0 1 0 0 0 0 0 0 
0 1 0 1 0 0 0 0 0 0 
0 0 1 0 0 0 0 0 0 0 
0 0 0 0 0 0 0 0 0 0 
0 0 0 0 0 0 0 0 0 0 
1 1 0 0 0 0 0 0 0 0 
1 1 0 1 0 0 0 0 0 0 
0 0 1 1 1 0 0 0 0 0 
0 0 1 1 0 0 0 0 0 0 
0 0 0 0 0 0 0 0 0 0 
0 0 0 0 0 0 1 0 0 0 
0 0 0 0 0 1 1 1 0 0 

Itération: 42
0 0 0 0 0 0 1 0 1 0 
0 0 0 0 0 0 1 0 1 0 
0 0 0 0 1 1 1 1 0 0 
1 1 0 1 0 0 1 0 0 0 
0 1 0 1 0 0 0 0 0 0 
0 0 1 0 0 0 0 0 0 0 
0 0 0 0 0 0 0 0 0 0 
0 0 0 0 0 0 0 0 0 0 
1 1 1 0 0 0 0 0 0 0 
1 0 0 1 1 0 0 0 0 0 
0 0 0 0 1 0 0 0 0 0 
0 0 1 0 1 0 0 0 0 0 
0 0 0 0 0 0 0 0 0 0 
0 0 0 0 0 1 1 1 0 0 
0 0 0 0 0 1 0 0 0 0 

Itération: 43
0 0 0 0 0 1 1 0 0 0 
0 0 0 0 0 0 1 0 1 0 
0 0 0 0 1 0 0 0 0 0 
1 1 0 1 0 0 1 0 0 0 
1 1 0 1 0 0 0 0 0 0 
0 0 1 0 0 0 0 0 0 0 
0 0 0 0 0 0 0 0 0 0 
0 1 0 0 0 0 0 0 0 0 
1 1 1 1 0 0 0 0 0 0 
1 0 1 1 1 0 0 0 0 0 
0 0 0 0 1 1 0 0 0 0 
0 0 0 1 0 0 0 0 0 0 
0 0 0 0 0 1 1 0 0 0 
0 0 0 0 0 1 1 0 0 0 
0 0 0 0 0 1 0 0 0 0 

Itération: 44
0 0 0 0 0 1 1 1 0 0 
0 0 0 0 0 0 1 1 0 0 
0 0 0 0 0 1 0 1 0 0 
1 1 0 1 1 0 0 0 0 0 
1 0 0 1 0 0 0 0 0 0 
0 1 1 0 0 0 0 0 0 0 
0 0 0 0 0 0 0 0 0 0 
1 1 0 0 0 0 0 0 0 0 
1 0 0 0 1 0 0 0 0 0 
1 0 0 0 0 1 0 0 0 0 
0 0 1 0 0 1 0 0 0 0 
0 0 0 0 0 0 1 0 0 0 
0 0 0 0 1 1 1 0 0 0 
0 0 0 0 1 0 0 0 0 0 
0 0 0 0 1 0 0 0 0 0 

Itération: 45
0 0 0 0 0 1 1 1 0 0 
0 0 0 0 0 0 1 0 1 0 
0 0 0 0 1 1 0 1 0 0 
1 1 1 1 1 0 0 0 0 0 
1 0 0 1 1 0 0 0 0 0 
0 1 1 0 0 0 0 0 0 0 
1 0 1 0 0 0 0 0 0 0 
1 1 0 0 0 0 0 0 0 0 
1 0 0 0 0 0 0 0 0 1 
0 1 0 0 1 1 0 0 0 0 
0 0 0 0 0 1 1 0 0 0 
0 0 0 0 1 0 1 0 0 0 
0 0 0 0 1 0 1 0 0 0 
0 0 0 1 1 0 0 0 0 0 
0 0 0 0 1 0 1 0 0 0 

Itération: 46
0 0 0 0 0 0 1 0 0 0 
0 0 0 0 1 0 1 0 1 0 
0 1 1 0 1 1 1 1 0 0 
1 1 1 0 0 0 0 0 0 0 
1 0 0 0 1 0 0 0 0 0 
1 0 1 0 0 0 0 0 0 0 
1 0 1 0 0 0 0 0 0 0 
0 0 0 0 0 0 0 0 0 0 
0 0 0 0 0 0 0 0 0 1 
1 0 0 0 1 1 1 0 0 0 
0 0 0 0 0 0 1 0 0 0 
0 0 0 0 1 0 1 1 0 0 
0 0 0 0 1 0 0 0 0 0 
0 0 0 1 1 0 0 0 0 0 
0 0 0 1 1 0 1 1 0 0 

Itération: 47
0 0 0 1 1 0 1 0 0 0 
0 0 0 1 1 0 1 0 0 0 
1 0 1 0 1 0 1 1 0 0 
1 0 1 0 1 0 1 0 0 0 
1 0 1 1 0 0 0 0 0 1 
1 0 0 1 0 0 0 0 0 1 
0 0 0 0 0 0 0 0 0 0 
0 0 0 0 0 0 0 0 0 0 
0 0 0 0 0 1 0 0 0 0 
0 0 0 0 0 1 1 0 0 0 
0 0 0 0 1 0 0 0 0 0 
0 0 0 0 0 0 1 1 0 0 
0 0 0 0 1 0 0 0 0 0 
0 0 0 0 0 0 0 0 0 0 
0 0 0 1 1 0 1 1 0 0 

Itération: 48
0 0 1 0 0 0 1 0 0 0 
0 0 1 0 0 0 1 0 0 0 
0 0 1 0 1 0 1 1 0 0 
1 0 1 0 1 0 1 0 0 0 
0 0 1 0 1 0 0 0 0 0 
1 1 1 1 0 0 0 0 0 1 
0 0 0 0 0 0 0 0 0 0 
0 0 0 0 0 0 0 0 0 0 
0 0 0 0 0 1 1 0 0 0 
0 0 0 0 1 1 1 0 0 0 
0 0 0 0 0 0 0 1 0 0 
0 0 0 0 0 1 0 0 0 0 
0 0 0 0 0 0 0 0 0 0 
0 0 0 1 1 1 0 0 0 0 
0 0 0 1 1 0 1 1 0 0 

Itération: 49
0 0 1 0 0 0 1 0 0 0 
0 1 1 0 0 0 1 0 0 0 
0 0 1 0 0 0 1 1 0 0 
0 0 1 0 1 0 1 0 0 0 
0 0 0 0 1 1 0 0 0 1 
1 1 1 1 0 0 0 0 0 0 
1 1 1 0 0 0 0 0 0 0 
0 0 0 0 0 0 0 0 0 0 
0 0 0 0 1 0 1 0 0 0 
0 0 0 0 1 0 0 1 0 0 
0 0 0 0 1 0 0 0 0 0 
0 0 0 0 0 0 0 0 0 0 
0 0 0 0 0 1 0 0 0 0 
0 0 0 1 0 1 1 0 0 0 
0 0 1 0 0 0 1 1 0 0 

Itération: 50
0 0 1 1 0 1 1 0 0 0 
0 1 1 1 0 1 1 0 0 0 
0 0 1 0 0 0 1 1 0 0 
0 0 0 0 1 0 1 0 0 0 
1 0 0 0 1 1 0 0 0 0 
0 0 0 1 1 0 0 0 0 1 
1 0 0 1 0 0 0 0 0 0 
0 1 0 0 0 0 0 0 0 0 
0 0 0 0 0 1 0 0 0 0 
0 0 0 1 1 0 0 0 0 0 
0 0 0 0 0 0 0 0 0 0 
0 0 0 0 0 0 0 0 0 0 
0 0 0 0 1 1 1 0 0 0 
0 0 0 0 1 1 0 1 0 0 
0 0 1 1 0 0 0 1 0 0 

Itération: 51
0 0 0 0 0 1 1 1 0 0 
0 1 0 0 0 0 1 0 0 0 
0 1 1 0 1 0 0 1 0 0 
0 0 0 1 1 0 1 0 0 0 
0 0 0 0 0 0 0 0 0 0 
1 0 0 1 0 1 0 0 0 1 
1 0 1 1 1 0 0 0 0 0 
0 0 0 0 0 0 0 0 0 0 
0 0 0 0 1 0 0 0 0 0 
0 0 0 0 1 0 0 0 0 0 
0 0 0 0 0 0 0 0 0 0 
0 0 0 0 0 1 0 0 0 0 
0 0 0 0 1 0 1 0 0 0 
0 0 0 0 0 0 0 1 0 0 
0 0 1 0 0 0 0 1 0 0 

Itération: 52
0 0 0 0 0 1 1 1 0 0 
0 1 1 0 0 0 1 0 0 0 
0 1 1 0 1 0 1 1 0 0 
0 0 1 1 1 1 0 0 0 0 
0 0 0 1 0 1 0 0 0 0 
1 1 1 1 0 0 0 0 0 1 
1 1 1 1 1 0 0 0 0 1 
0 0 0 0 1 0 0 0 0 0 
0 0 0 0 0 0 0 0 0 0 
0 0 0 0 0 0 0 0 0 0 
0 0 0 0 0 0 0 0 0 0 
0 0 0 0 0 1 0 0 0 0 
0 0 0 0 0 1 1 0 0 0 
0 0 0 0 0 0 1 1 0 0 
0 0 0 0 0 0 0 1 1 0 

Itération: 53
0 0 0 0 0 1 1 0 1 0 
0 1 1 1 0 0 1 0 0 0 
0 0 0 0 1 0 1 1 0 0 
0 1 0 0 0 0 0 0 0 0 
1 0 0 0 0 1 0 0 0 0 
0 0 0 0 0 0 0 0 0 1 
0 0 0 0 1 0 0 0 0 1 
1 1 1 0 1 0 0 0 0 0 
0 0 0 0 0 0 0 0 0 0 
0 0 0 0 0 0 0 0 0 0 
0 0 0 0 0 0 0 0 0 0 
0 0 0 0 0 1 1 0 0 0 
0 0 0 0 0 1 0 1 0 0 
0 0 0 0 0 1 0 0 1 0 
0 0 0 0 0 1 0 0 1 0 

Itération: 54
0 0 1 0 1 1 1 0 0 0 
0 0 1 1 1 0 1 0 0 0 
0 1 0 1 0 1 1 1 0 0 
0 0 0 0 0 1 1 0 0 0 
1 0 0 0 0 0 0 0 0 0 
1 0 0 0 0 0 0 0 0 1 
0 1 0 1 0 0 0 0 0 1 
1 1 0 1 0 0 0 0 0 0 
0 1 0 0 0 0 0 0 0 0 
0 0 0 0 0 0 0 0 0 0 
0 0 0 0 0 0 0 0 0 0 
0 0 0 0 0 1 1 0 0 0 
0 0 0 0 1 1 0 1 0 0 
0 0 0 0 1 1 0 1 1 0 
0 0 0 0 1 1 0 0 1 1 

Itération: 55
0 0 1 0 0 0 1 1 0 0 
0 1 0 0 0 0 1 0 0 0 
0 0 0 1 0 0 0 1 0 0 
0 0 0 0 1 1 0 0 0 0 
1 0 0 0 0 0 0 0 0 1 
0 1 0 0 0 0 0 0 0 1 
0 1 0 0 0 0 0 0 0 1 
0 1 0 0 0 0 0 0 0 0 
1 1 1 0 0 0 0 0 0 0 
0 0 0 0 0 0 0 0 0 0 
0 0 0 0 0 0 0 0 0 0 
0 0 0 0 1 1 1 0 0 0 
0 0 0 0 0 0 0 1 1 0 
0 0 0 1 0 0 0 1 0 1 
0 0 0 0 0 0 0 0 1 1 

Itération: 56
0 0 0 0 0 0 1 1 1 0 
0 0 1 0 0 0 1 0 0 0 
0 0 0 0 1 1 1 0 0 0 
0 0 0 0 1 0 0 0 0 0 
1 0 0 0 0 0 0 0 0 1 
0 1 0 0 0 0 0 0 1 1 
0 1 1 0 0 0 0 0 0 0 
0 0 0 0 0 0 0 0 0 0 
1 1 1 0 0 0 0 0 0 0 
0 1 0 0 0 0 0 0 0 0 
0 0 0 0 0 1 0 0 0 0 
0 0 0 0 0 1 1 1 0 0 
0 0 0 0 1 1 0 1 1 0 
0 0 0 0 0 0 0 1 0 1 
0 0 0 0 0 0 1 0 0 1 

Itération: 57
0 0 0 0 0 1 1 0 1 0 
0 0 0 0 0 0 1 0 0 0 
0 0 0 1 1 0 1 0 0 0 
0 0 0 0 1 0 0 0 0 0 
1 0 0 0 0 0 0 0 1 1 
0 1 1 0 0 0 0 0 1 1 
1 1 1 0 0 0 0 0 0 0 
1 0 0 0 0 0 0 0 0 0 
1 1 1 0 0 0 0 0 0 0 
1 1 1 0 0 0 0 0 0 0 
0 0 0 0 0 1 0 0 0 0 
0 0 0 0 0 0 0 1 1 0 
0 0 0 0 1 1 0 0 0 0 
0 0 0 0 0 1 0 1 0 1 
0 0 0 0 0 0 1 0 0 1 

Itération: 58
0 0 0 0 0 1 1 0 0 0 
0 0 0 0 1 0 1 0 0 0 
0 0 0 1 1 0 0 0 0 0 
0 0 0 1 1 1 0 0 0 1 
1 1 0 0 0 0 0 0 1 0 
0 0 1 0 0 0 0 0 1 0 
0 0 1 0 0 0 0 0 0 0 
0 0 0 0 0 0 0 0 0 1 
0 0 1 0 0 0 0 0 0 1 
1 0 1 0 0 0 0 0 0 0 
0 1 0 0 0 0 0 0 0 0 
0 0 0 0 1 1 1 0 0 0 
0 0 0 0 1 1 0 1 0 0 
0 0 0 0 1 1 0 0 1 0 
0 0 0 0 0 0 0 0 0 1 

Itération: 59
0 0 0 0 0 1 1 0 0 0 
0 0 0 1 1 0 1 0 0 0 
0 0 0 0 0 0 0 0 0 0 
1 0 1 1 0 1 0 0 0 1 
1 1 1 1 1 0 0 0 1 0 
0 0 1 0 0 0 0 0 0 1 
0 0 0 0 0 0 0 0 0 0 
0 0 0 0 0 0 0 0 0 0 
1 1 0 0 0 0 0 0 0 1 
1 0 1 0 0 0 0 0 0 0 
0 1 0 0 0 1 0 0 0 0 
0 0 0 0 1 0 1 0 0 0 
0 0 0 1 0 0 0 1 0 0 
0 0 0 0 1 1 1 0 1 0 
0 0 0 0 1 0 1 0 0 0 

Itération: 60
0 0 0 1 0 0 1 1 0 0 
0 0 0 0 1 0 1 0 0 0 
0 0 1 0 0 1 0 0 0 0 
1 0 0 0 0 0 0 0 0 1 
0 0 0 0 1 0 0 0 1 0 
1 0 1 0 0 0 0 0 0 1 
0 0 0 0 0 0 0 0 0 0 
1 0 0 0 0 0 0 0 0 0 
1 1 0 0 0 0 0 0 0 1 
0 0 1 0 0 0 0 0 0 1 
0 1 0 0 0 1 0 0 0 0 
0 0 0 0 1 1 1 0 0 0 
0 0 0 1 0 0 0 1 0 0 
0 0 0 1 1 0 1 0 0 0 
0 0 0 0 1 0 0 0 0 0 

Itération: 61
0 0 0 1 1 0 1 1 0 0 
0 0 0 1 1 0 1 1 0 0 
0 0 0 0 0 1 0 0 0 0 
0 0 0 0 0 0 0 0 0 1 
0 1 0 0 0 0 0 0 1 0 
0 0 0 0 0 0 0 0 0 1 
1 1 0 0 0 0 0 0 0 1 
1 1 0 0 0 0 0 0 0 1 
0 1 0 0 0 0 0 0 0 1 
0 0 1 0 0 0 0 0 0 1 
0 0 0 0 1 1 1 0 0 0 
0 0 0 0 1 1 1 0 0 0 
0 0 0 1 0 0 0 1 0 0 
0 0 0 1 1 1 0 0 0 0 
0 0 0 0 1 0 1 1 0 0 

Itération: 62
0 0 0 0 0 0 1 0 1 0 
0 0 0 1 0 0 1 1 0 0 
0 0 0 0 1 1 1 0 0 0 
0 0 0 0 0 0 0 0 0 0 
1 0 0 0 0 0 0 0 1 1 
0 1 0 0 0 0 0 0 1 1 
0 1 0 0 0 0 0 0 1 0 
0 0 1 0 0 0 0 0 1 0 
0 1 1 0 0 0 0 0 1 1 
1 0 0 0 0 1 0 0 0 0 
0 0 0 1 1 0 1 0 0 0 
0 0 0 1 0 0 0 1 0 0 
0 0 0 1 0 0 0 0 0 0 
0 0 0 1 0 1 0 1 0 0 
0 0 0 0 0 0 0 1 0 0 

Itération: 63
0 0 0 0 0 0 1 0 1 0 
0 0 0 0 1 0 1 0 0 0 
0 0 0 0 1 1 1 1 0 0 
0 0 0 0 0 1 0 0 0 1 
1 0 0 0 0 0 0 0 1 0 
0 1 0 0 0 0 0 1 0 0 
1 1 1 0 0 0 0 1 1 0 
1 0 1 0 0 0 0 1 1 0 
1 1 1 0 0 0 0 0 1 1 
1 1 1 1 1 1 0 0 0 1 
0 0 0 1 1 1 1 0 0 0 
0 0 1 1 0 0 0 0 0 0 
0 0 1 1 0 0 1 0 0 0 
0 0 0 0 1 0 1 0 0 0 
0 0 0 0 0 0 0 1 1 0 

Itération: 64
0 0 0 0 0 1 1 0 1 0 
0 0 0 0 1 0 1 0 0 0 
0 0 0 0 1 0 0 1 0 0 
0 0 0 0 1 1 0 0 1 1 
1 0 0 0 0 0 0 0 1 1 
0 0 1 0 0 0 0 1 0 0 
1 0 1 0 0 0 1 0 0 0 
0 0 0 1 0 0 0 0 0 0 
0 0 0 0 1 0 0 1 0 0 
0 0 0 0 0 0 1 0 1 0 
1 0 0 0 0 0 1 0 0 0 
0 0 0 0 0 0 1 0 0 0 
0 0 1 0 1 1 0 0 0 0 
0 0 0 1 0 1 1 0 0 0 
0 0 0 0 0 1 1 0 1 0 

Itération: 65
0 0 0 0 1 0 1 0 0 0 
0 0 0 0 1 0 1 0 0 0 
0 0 0 1 1 0 1 1 1 0 
1 0 0 0 1 1 0 0 0 0 
1 0 0 0 0 0 0 0 0 0 
1 0 0 0 0 0 0 1 1 0 
0 1 1 1 0 0 0 0 0 0 
0 0 0 1 0 0 0 0 0 0 
0 0 0 0 0 0 0 1 0 0 
0 0 0 0 0 1 1 0 0 0 
0 0 0 0 0 1 1 0 0 0 
0 0 0 0 0 0 1 0 0 0 
0 0 0 1 1 0 0 0 0 0 
0 0 0 1 0 0 0 1 0 0 
0 0 0 0 0 0 0 0 0 0 

Itération: 66
0 0 0 0 0 0 1 0 0 0 
0 0 0 0 1 0 1 0 0 0 
0 0 0 1 0 0 1 1 0 0 
0 0 0 1 1 1 1 0 0 1 
1 1 0 0 0 0 0 0 0 0 
1 0 1 0 0 0 0 0 0 1 
0 1 1 1 0 0 0 0 0 0 
0 0 0 1 0 0 0 0 0 0 
0 0 0 0 0 0 1 0 0 0 
0 0 0 0 0 1 0 1 0 0 
0 0 0 0 0 0 0 1 0 0 
0 0 0 0 1 0 1 0 0 0 
0 0 0 1 1 0 0 0 0 0 
0 0 0 1 1 0 0 0 0 0 
0 0 0 0 0 0 0 0 0 0 

Itération: 67
0 0 0 0 0 1 1 0 0 0 
0 0 0 0 0 0 1 0 0 0 
0 0 0 1 0 0 0 1 0 0 
1 0 1 1 1 1 1 0 0 0 
0 1 1 1 1 1 0 0 0 0 
0 0 0 1 0 0 0 0 0 1 
1 1 0 1 0 0 0 0 0 0 
0 0 0 1 0 0 0 0 0 0 
0 0 0 0 0 0 1 0 0 0 
0 0 0 0 0 0 0 1 0 0 
0 0 0 0 0 1 0 1 0 0 
0 0 0 1 1 1 0 0 0 0 
0 0 0 0 0 0 0 0 0 0 
0 0 0 1 1 0 0 0 0 0 
0 0 0 0 0 0 0 0 0 0 

Itération: 68
0 0 0 0 0 1 1 0 0 0 
0 0 0 0 0 1 1 1 0 0 
0 0 1 1 0 0 0 1 0 0 
0 0 0 0 0 0 1 0 0 0 
1 1 0 0 0 0 0 0 0 0 
0 0 0 0 0 0 0 0 0 0 
1 0 0 1 1 0 0 0 0 0 
0 0 1 0 0 0 0 0 0 0 
0 0 0 0 0 0 0 0 0 0 
0 0 0 0 0 0 0 1 0 0 
0 0 0 0 0 1 0 0 0 0 
0 0 0 0 1 1 1 0 0 0 
0 0 0 0 0 1 0 0 0 0 
0 0 0 0 0 0 0 0 0 0 
0 0 0 0 1 1 0 0 0 0 

Itération: 69
0 0 0 0 0 0 1 1 0 0 
0 0 0 0 1 1 1 1 0 0 
0 0 0 0 0 1 0 1 0 0 
0 1 1 0 0 0 0 0 0 0 
0 0 0 0 0 0 0 0 0 0 
1 1 0 0 0 0 0 0 0 0 
0 0 0 1 0 0 0 0 0 0 
0 0 0 1 0 0 0 0 0 0 
0 0 0 0 0 0 0 0 0 0 
0 0 0 0 0 0 0 0 0 0 
0 0 0 0 1 1 0 0 0 0 
0 0 0 0 1 0 1 0 0 0 
0 0 0 0 1 1 1 0 0 0 
0 0 0 0 1 1 0 0 0 0 
0 0 0 0 1 1 1 0 0 0 

Itération: 70
0 0 0 0 0 0 1 0 0 0 
0 0 0 0 1 0 1 0 1 0 
0 0 0 0 1 1 0 1 0 0 
0 0 0 0 0 0 0 0 0 0 
1 0 1 0 0 0 0 0 0 0 
0 0 0 0 0 0 0 0 0 0 
0 0 1 0 0 0 0 0 0 0 
0 0 0 0 0 0 0 0 0 0 
0 0 0 0 0 0 0 0 0 0 
0 0 0 0 0 0 0 0 0 0 
0 0 0 0 1 1 0 0 0 0 
0 0 0 1 0 0 1 0 0 0 
0 0 0 1 0 0 1 0 0 0 
0 0 0 1 0 0 0 0 0 0 
0 0 0 0 1 0 0 1 0 0 

Itération: 71
0 0 0 0 0 0 1 0 0 0 
0 0 0 0 1 0 1 0 0 0 
0 0 0 0 1 1 1 1 0 0 
0 0 0 0 0 0 0 0 0 0 
0 0 0 0 0 0 0 0 0 0 
0 1 0 0 0 0 0 0 0 0 
0 0 0 0 0 0 0 0 0 0 
0 0 0 0 0 0 0 0 0 0 
0 0 0 0 0 0 0 0 0 0 
0 0 0 0 0 0 0 0 0 0 
0 0 0 0 1 1 0 0 0 0 
0 0 0 1 0 0 1 0 0 0 
0 0 1 1 1 0 0 0 0 0 
0 0 0 1 1 0 0 0 0 0 
0 0 0 0 0 0 0 0 0 0 

Itération: 72
0 0 0 0 0 1 1 0 0 0 
0 0 0 0 1 0 1 0 0 0 
0 0 0 0 1 0 1 1 0 0 
0 0 0 0 0 1 1 0 0 0 
0 0 0 0 0 0 0 0 0 0 
0 0 0 0 0 0 0 0 0 0 
0 0 0 0 0 0 0 0 0 0 
0 0 0 0 0 0 0 0 0 0 
0 0 0 0 0 0 0 0 0 0 
0 0 0 0 0 0 0 0 0 0 
0 0 0 0 1 1 0 0 0 0 
0 0 1 0 0 0 0 0 0 0 
0 0 1 0 0 1 0 0 0 0 
0 0 1 0 1 0 0 0 0 0 
0 0 0 0 0 0 0 0 0 0 

Itération: 73
0 0 0 0 0 1 1 0 0 0 
0 0 0 0 1 0 1 0 0 0 
0 0 0 0 1 0 0 1 0 0 
0 0 0 0 0 1 1 0 0 0 
0 0 0 0 0 0 0 0 0 0 
0 0 0 0 0 0 0 0 0 0 
0 0 0 0 0 0 0 0 0 0 
0 0 0 0 0 0 0 0 0 0 
0 0 0 0 0 0 0 0 0 0 
0 0 0 0 0 0 0 0 0 0 
0 0 0 0 0 0 0 0 0 0 
0 0 0 1 1 1 0 0 0 0 
0 1 1 0 0 0 0 0 0 0 
0 0 0 1 0 0 0 0 0 0 
0 0 0 0 0 1 0 0 0 0 

Itération: 74
0 0 0 0 1 0 1 0 0 0 
0 0 0 0 1 0 1 1 0 0 
0 0 0 0 1 0 0 1 0 0 
0 0 0 0 0 1 1 0 0 0 
0 0 0 0 0 0 0 0 0 0 
0 0 0 0 0 0 0 0 0 0 
0 0 0 0 0 0 0 0 0 0 
0 0 0 0 0 0 0 0 0 0 
0 0 0 0 0 0 0 0 0 0 
0 0 0 0 0 0 0 0 0 0 
0 0 0 0 1 0 0 0 0 0 
0 0 1 1 1 0 0 0 0 0 
0 0 1 0 0 0 0 0 0 0 
0 0 1 0 0 0 0 0 0 0 
0 0 0 0 1 1 1 0 0 0 

Itération: 75
0 0 0 1 1 0 1 0 0 0 
0 0 0 1 1 0 1 1 0 0 
0 0 0 0 1 0 0 1 0 0 
0 0 0 0 0 1 1 0 0 0 
0 0 0 0 0 0 0 0 0 0 
0 0 0 0 0 0 0 0 0 0 
0 0 0 0 0 0 0 0 0 0 
0 0 0 0 0 0 0 0 0 0 
0 0 0 0 0 0 0 0 0 0 
0 0 0 0 0 0 0 0 0 0 
0 0 0 0 1 0 0 0 0 0 
0 0 1 0 1 0 0 0 0 0 
0 1 1 0 0 0 0 0 0 0 
0 0 0 1 0 1 0 0 0 0 
0 0 0 1 1 0 1 0 0 0 

Itération: 76
0 0 1 0 0 0 1 0 0 0 
0 0 0 0 0 0 1 1 0 0 
0 0 0 1 1 0 0 1 0 0 
0 0 0 0 0 1 1 0 0 0 
0 0 0 0 0 0 0 0 0 0 
0 0 0 0 0 0 0 0 0 0 
0 0 0 0 0 0 0 0 0 0 
0 0 0 0 0 0 0 0 0 0 
0 0 0 0 0 0 0 0 0 0 
0 0 0 0 0 0 0 0 0 0 
0 0 0 1 0 0 0 0 0 0 
0 1 1 0 0 0 0 0 0 0 
0 1 1 0 1 0 0 0 0 0 
0 0 0 1 0 1 0 0 0 0 
0 0 1 0 0 0 1 0 0 0 

Itération: 77
0 0 0 0 0 1 1 0 0 0 
0 0 0 1 0 1 1 1 0 0 
0 0 0 0 1 0 0 1 0 0 
0 0 0 0 1 1 1 0 0 0 
0 0 0 0 0 0 0 0 0 0 
0 0 0 0 0 0 0 0 0 0 
0 0 0 0 0 0 0 0 0 0 
0 0 0 0 0 0 0 0 0 0 
0 0 0 0 0 0 0 0 0 0 
0 0 0 0 0 0 0 0 0 0 
0 0 1 0 0 0 0 0 0 0 
0 1 0 0 0 0 0 0 0 0 
0 1 0 0 1 0 0 0 0 0 
0 1 0 1 1 1 0 0 0 0 
0 0 1 1 0 1 1 0 0 0 

Itération: 78
0 0 1 1 0 0 1 0 0 0 
0 0 0 0 0 0 1 1 0 0 
0 0 0 1 0 0 0 1 0 0 
0 0 0 0 1 1 1 0 0 0 
0 0 0 0 0 1 0 0 0 0 
0 0 0 0 0 0 0 0 0 0 
0 0 0 0 0 0 0 0 0 0 
0 0 0 0 0 0 0 0 0 0 
0 0 0 0 0 0 0 0 0 0 
0 0 0 0 0 0 0 0 0 0 
0 0 0 0 0 0 0 0 0 0 
0 1 1 0 0 0 0 0 0 0 
1 1 0 1 1 1 0 0 0 0 
0 1 0 0 0 0 1 0 0 0 
0 0 1 1 0 0 0 0 0 0 

Itération: 79
0 0 1 1 0 0 1 1 0 0 
0 0 1 1 0 0 1 1 0 0 
0 0 0 0 1 0 0 1 0 0 
0 0 0 0 1 1 1 0 0 0 
0 0 0 0 1 1 0 0 0 0 
0 0 0 0 0 0 0 0 0 0 
0 0 0 0 0 0 0 0 0 0 
0 0 0 0 0 0 0 0 0 0 
0 0 0 0 0 0 0 0 0 0 
0 0 0 0 0 0 0 0 0 0 
0 0 0 0 0 0 0 0 0 0 
1 1 1 1 1 0 0 0 0 0 
1 0 0 1 1 1 0 0 0 0 
1 1 0 0 0 1 0 0 0 0 
0 1 0 1 0 0 0 0 0 0 

Itération: 80
0 1 0 0 1 0 1 1 0 0 
0 0 1 0 1 1 1 0 1 0 
0 0 0 0 1 0 0 1 0 0 
0 0 0 1 0 0 1 0 0 0 
0 0 0 0 1 0 0 0 0 0 
0 0 0 0 0 0 0 0 0 0 
0 0 0 0 0 0 0 0 0 0 
0 0 0 0 0 0 0 0 0 0 
0 0 0 0 0 0 0 0 0 0 
0 0 0 0 0 0 0 0 0 0 
0 1 1 1 0 0 0 0 0 0 
1 1 1 0 0 1 0 0 0 0 
0 0 0 0 0 1 0 0 0 1 
1 1 0 1 0 1 0 0 0 0 
1 1 0 1 1 0 1 0 0 0 

Itération: 81
1 1 0 0 0 0 1 0 0 0 
0 0 0 0 1 0 1 0 1 0 
0 0 0 0 1 0 0 1 0 0 
0 0 0 1 1 1 0 0 0 0 
0 0 0 0 0 0 0 0 0 0 
0 0 0 0 0 0 0 0 0 0 
0 0 0 0 0 0 0 0 0 0 
0 0 0 0 0 0 0 0 0 0 
0 0 0 0 0 0 0 0 0 0 
0 0 1 0 0 0 0 0 0 0 
1 0 0 1 0 0 0 0 0 0 
1 0 0 1 1 0 0 0 0 0 
0 0 0 0 0 1 1 0 0 1 
0 1 0 1 0 1 1 0 0 1 
0 0 0 1 0 0 1 1 0 0 

Itération: 82
0 0 0 0 0 0 1 0 0 0 
0 0 0 0 0 0 1 0 0 0 
0 0 0 0 0 0 1 1 0 0 
0 0 0 1 1 1 0 0 0 0 
0 0 0 0 1 0 0 0 0 0 
0 0 0 0 0 0 0 0 0 0 
0 0 0 0 0 0 0 0 0 0 
0 0 0 0 0 0 0 0 0 0 
0 0 0 0 0 0 0 0 0 0 
0 0 0 0 0 0 0 0 0 0 
0 1 1 1 1 0 0 0 0 0 
1 0 0 1 1 1 0 0 0 1 
0 0 1 1 0 0 1 0 0 1 
1 0 1 0 0 0 0 0 1 0 
0 1 0 0 1 0 0 1 0 0 

Itération: 83
0 0 0 0 0 1 1 1 0 0 
0 0 0 0 0 1 1 0 0 0 
0 0 0 0 1 0 1 1 0 0 
0 0 0 1 1 1 1 0 0 0 
0 0 0 1 1 1 0 0 0 0 
0 0 0 0 0 0 0 0 0 0 
0 0 0 0 0 0 0 0 0 0 
0 0 0 0 0 0 0 0 0 0 
0 0 0 0 0 0 0 0 0 0 
0 0 1 1 0 0 0 0 0 0 
1 1 1 0 0 1 0 0 0 0 
1 0 0 0 0 1 0 0 0 1 
0 0 1 0 0 1 0 0 1 0 
1 0 1 0 0 0 0 1 1 1 
0 1 0 0 0 0 0 1 0 0 

Itération: 84
0 0 0 0 0 1 1 1 0 0 
0 0 0 0 1 0 1 0 0 0 
0 0 0 1 0 0 0 1 0 0 
0 0 0 0 0 0 0 0 0 0 
0 0 0 1 0 0 0 0 0 0 
0 0 0 0 1 0 0 0 0 0 
0 0 0 0 0 0 0 0 0 0 
0 0 0 0 0 0 0 0 0 0 
0 0 0 0 0 0 0 0 0 0 
0 0 1 1 0 0 0 0 0 0 
1 0 1 1 1 0 0 0 0 1 
1 0 1 0 1 1 1 0 0 1 
0 0 0 0 0 0 1 1 0 0 
1 0 1 0 0 0 1 1 0 1 
1 1 0 0 0 0 0 0 0 1 

Itération: 85
1 0 0 0 0 1 1 1 0 0 
0 0 0 0 1 0 1 0 0 0 
0 0 0 0 0 0 0 0 0 0 
0 0 0 0 0 0 0 0 0 0 
0 0 0 0 0 0 0 0 0 0 
0 0 0 0 0 0 0 0 0 0 
0 0 0 0 0 0 0 0 0 0 
0 0 0 0 0 0 0 0 0 0 
0 0 0 0 0 0 0 0 0 0 
0 1 1 0 1 0 0 0 0 0 
1 0 0 0 0 0 0 0 0 1 
1 0 1 0 1 0 1 1 1 1 
0 0 0 1 0 0 0 0 0 0 
0 0 0 0 0 0 1 1 0 1 
0 1 0 0 0 1 0 0 0 1 

Itération: 86
1 0 0 0 1 0 1 1 0 0 
0 0 0 0 0 0 1 1 0 0 
0 0 0 0 0 0 0 0 0 0 
0 0 0 0 0 0 0 0 0 0 
0 0 0 0 0 0 0 0 0 0 
0 0 0 0 0 0 0 0 0 0 
0 0 0 0 0 0 0 0 0 0 
0 0 0 0 0 0 0 0 0 0 
0 0 0 0 0 0 0 0 0 0 
1 1 0 0 0 0 0 0 0 0 
0 0 1 0 0 1 0 1 0 0 
1 1 0 1 0 0 0 1 1 0 
1 0 0 1 0 1 0 0 0 0 
1 0 0 0 0 0 1 0 1 0 
0 0 0 0 0 1 0 0 0 1 

Itération: 87
0 0 0 0 0 0 1 1 1 0 
0 0 0 0 0 1 1 1 0 0 
0 0 0 0 0 0 0 0 0 0 
0 0 0 0 0 0 0 0 0 0 
0 0 0 0 0 0 0 0 0 0 
0 0 0 0 0 0 0 0 0 0 
0 0 0 0 0 0 0 0 0 0 
0 0 0 0 0 0 0 0 0 0 
0 0 0 0 0 0 0 0 0 0 
0 1 0 0 0 0 0 0 0 0 
0 0 1 0 0 0 1 1 1 1 
1 1 0 1 0 0 0 1 1 1 
1 0 1 0 1 0 1 0 1 0 
1 0 0 0 1 1 1 0 0 0 
1 0 0 0 0 1 0 0 1 1 

Itération: 88
0 0 0 0 0 0 1 0 0 0 
0 0 0 0 0 1 1 0 1 0 
0 0 0 0 0 0 1 0 0 0 
0 0 0 0 0 0 0 0 0 0 
0 0 0 0 0 0 0 0 0 0 
0 0 0 0 0 0 0 0 0 0 
0 0 0 0 0 0 0 0 0 0 
0 0 0 0 0 0 0 0 0 0 
0 0 0 0 0 0 0 0 0 0 
0 0 0 0 0 0 0 1 1 0 
0 0 1 0 0 0 1 0 0 0 
0 0 0 1 0 1 0 0 0 0 
0 0 1 0 1 0 1 0 1 0 
1 0 0 1 1 0 1 0 1 0 
1 0 0 0 1 0 0 0 1 0 

Itération: 89
0 0 0 0 0 0 1 0 0 1 
0 0 0 0 0 1 1 0 0 0 
0 0 0 0 0 1 1 1 0 0 
0 0 0 0 0 0 0 0 0 0 
0 0 0 0 0 0 0 0 0 0 
0 0 0 0 0 0 0 0 0 0 
0 0 0 0 0 0 0 0 0 0 
0 0 0 0 0 0 0 0 0 0 
0 0 0 0 0 0 0 0 0 0 
0 0 0 0 0 0 0 1 0 0 
0 0 0 0 0 0 1 1 0 0 
0 0 1 1 1 1 1 1 0 0 
0 0 1 0 0 0 1 0 0 1 
0 1 0 0 1 0 0 0 1 0 
0 0 0 1 1 0 0 0 0 0 

Itération: 90
0 0 0 0 1 0 1 0 0 0 
0 0 0 0 0 0 1 0 0 0 
0 0 0 0 0 1 0 1 0 0 
0 0 0 0 0 0 1 0 0 0 
0 0 0 0 0 0 0 0 0 0 
0 0 0 0 0 0 0 0 0 0 
0 0 0 0 0 0 0 0 0 0 
0 0 0 0 0 0 0 0 0 0 
0 0 0 0 0 0 0 0 0 0 
0 0 0 0 0 0 1 1 0 0 
0 0 0 1 1 0 0 0 1 0 
0 0 1 1 1 0 0 0 1 0 
0 1 1 0 0 0 1 0 1 0 
0 0 1 0 1 1 0 0 0 0 
0 0 0 1 1 1 0 0 0 0 

Itération: 91
0 0 0 1 1 0 1 0 0 0 
0 0 0 0 0 0 1 1 0 0 
0 0 0 0 0 1 0 1 0 0 
0 0 0 0 0 0 1 0 0 0 
0 0 0 0 0 0 0 0 0 0 
0 0 0 0 0 0 0 0 0 0 
0 0 0 0 0 0 0 0 0 0 
0 0 0 0 0 0 0 0 0 0 
0 0 0 0 0 0 0 0 0 0 
0 0 0 0 0 0 0 1 0 0 
0 0 1 0 1 1 0 0 1 0 
0 1 0 0 1 1 0 0 1 1 
0 1 0 0 0 0 0 1 0 0 
0 1 1 0 0 0 1 0 0 0 
0 0 0 0 0 0 1 0 0 0 

Itération: 92
0 0 0 0 0 0 1 0 0 0 
0 0 0 0 1 0 1 1 0 0 
0 0 0 0 0 1 0 1 0 0 
0 0 0 0 0 0 1 0 0 0 
0 0 0 0 0 0 0 0 0 0 
0 0 0 0 0 0 0 0 0 0 
0 0 0 0 0 0 0 0 0 0 
0 0 0 0 0 0 0 0 0 0 
0 0 0 0 0 0 0 0 0 0 
0 0 0 0 0 0 0 0 0 0 
0 0 0 1 1 1 1 1 1 1 
1 1 1 1 1 1 1 1 1 1 
0 1 0 0 0 1 1 1 1 0 
0 1 1 0 0 0 1 1 0 0 
0 0 1 1 0 0 1 1 0 0 

Itération: 93
0 0 0 1 0 0 1 0 0 0 
0 0 0 0 0 0 1 1 0 0 
0 0 0 0 0 1 0 1 0 0 
0 0 0 0 0 0 1 0 0 0 
0 0 0 0 0 0 0 0 0 0 
0 0 0 0 0 0 0 0 0 0 
0 0 0 0 0 0 0 0 0 0 
0 0 0 0 0 0 0 0 0 0 
0 0 0 0 0 0 0 0 0 0 
0 0 0 0 1 1 1 1 1 0 
0 1 0 0 0 0 0 0 0 0 
0 1 0 0 0 0 0 0 0 0 
0 0 0 0 0 0 0 0 0 0 
0 1 0 1 0 0 0 0 0 0 
0 1 1 1 0 1 0 0 0 0 

Itération: 94
0 0 0 1 1 1 1 1 0 0 
0 0 0 0 0 1 1 1 0 0 
0 0 0 0 0 1 0 1 0 0 
0 0 0 0 0 0 1 0 0 0 
0 0 0 0 0 0 0 0 0 0 
0 0 0 0 0 0 0 0 0 0 
0 0 0 0 0 0 0 0 0 0 
0 0 0 0 0 0 0 0 0 0 
0 0 0 0 0 1 1 1 0 0 
0 0 0 0 0 1 1 1 0 0 
0 0 0 0 0 1 1 1 0 0 
0 0 0 0 0 0 0 0 0 0 
0 0 1 0 0 0 0 0 0 0 
0 1 0 1 1 0 0 0 0 0 
0 1 0 1 0 0 0 0 0 0 

Itération: 95
0 0 1 1 0 0 1 1 0 0 
0 0 0 0 0 0 1 0 1 0 
0 0 0 0 0 1 0 1 0 0 
0 0 0 0 0 0 1 0 0 0 
0 0 0 0 0 0 0 0 0 0 
0 0 0 0 0 0 0 0 0 0 
0 0 0 0 0 0 0 0 0 0 
0 0 0 0 0 0 1 0 0 0 
0 0 0 0 0 1 0 1 0 0 
0 0 0 0 1 0 0 0 1 0 
0 0 0 0 0 1 0 1 0 0 
0 0 0 0 0 0 1 0 0 0 
0 0 1 1 0 0 0 0 0 0 
0 1 0 1 1 0 0 0 0 0 
0 0 0 0 0 0 1 0 0 0 

Itération: 96
0 0 0 0 0 1 1 0 0 0 
0 0 0 0 0 1 1 0 1 0 
0 0 0 0 0 1 0 1 0 0 
0 0 0 0 0 0 1 0 0 0 
0 0 0 0 0 0 0 0 0 0 
0 0 0 0 0 0 0 0 0 0 
0 0 0 0 0 0 0 0 0 0 
0 0 0 0 0 0 1 0 0 0 
0 0 0 0 0 1 1 1 0 0 
0 0 0 0 1 1 0 1 1 0 
0 0 0 0 0 1 1 1 0 0 
0 0 0 0 0 0 1 0 0 0 
0 0 1 1 1 0 0 0 0 0 
0 0 0 1 1 0 0 0 0 0 
0 0 0 0 1 1 1 1 0 0 

Itération: 97
0 0 0 0 0 0 1 0 0 0 
0 0 0 0 1 0 1 0 0 0 
0 0 0 0 0 1 0 1 0 0 
0 0 0 0 0 0 1 0 0 0 
0 0 0 0 0 0 0 0 0 0 
0 0 0 0 0 0 0 0 0 0 
0 0 0 0 0 0 0 0 0 0 
0 0 0 0 0 1 1 1 0 0 
0 0 0 0 1 0 0 0 1 0 
0 0 0 0 1 0 0 0 1 0 
0 0 0 0 1 0 0 0 1 0 
0 0 0 1 1 0 1 1 0 0 
0 0 1 0 1 1 0 0 0 0 
0 0 1 0 0 0 1 0 0 0 
0 0 0 1 0 0 0 1 0 0 

Itération: 98
0 0 0 0 0 1 1 1 0 0 
0 0 0 0 0 0 1 1 0 0 
0 0 0 0 0 1 0 1 0 0 
0 0 0 0 0 0 1 0 0 0 
0 0 0 0 0 0 0 0 0 0 
0 0 0 0 0 0 0 0 0 0 
0 0 0 0 0 0 1 0 0 0 
0 0 0 0 0 1 1 1 0 0 
0 0 0 0 1 0 1 0 1 0 
0 0 0 1 1 1 0 1 1 1 
0 0 0 0 1 0 0 0 1 0 
0 0 0 0 0 0 1 1 0 0 
0 0 1 0 1 0 0 1 0 0 
0 0 1 0 1 1 1 0 0 0 
0 0 0 0 0 0 1 1 0 0 

Itération: 99
0 0 0 0 0 1 1 0 1 0 
0 0 0 0 0 0 1 0 1 0 
0 0 0 0 0 1 0 1 0 0 
0 0 0 0 0 0 1 0 0 0 
0 0 0 0 0 0 0 0 0 0 
0 0 0 0 0 0 0 0 0 0 
0 0 0 0 0 1 1 1 0 0 
0 0 0 0 0 0 0 0 0 0 
0 0 0 1 0 0 0 0 0 1 
0 0 0 1 0 0 1 0 0 1 
0 0 0 1 1 0 0 0 0 1 
0 0 0 1 0 1 1 1 1 0 
0 0 0 0 1 0 0 1 0 0 
0 0 0 0 1 0 0 0 0 0 
0 0 0 0 1 0 0 0 0 0 

Itération: 100
0 0 0 0 0 1 1 0 0 0 
0 0 0 0 0 0 1 0 1 0 
0 0 0 0 0 1 0 1 0 0 
0 0 0 0 0 0 1 0 0 0 
0 0 0 0 0 0 0 0 0 0 
0 0 0 0 0 0 1 0 0 0 
0 0 0 0 0 0 1 0 0 0 
0 0 0 0 0 0 1 0 0 0 
0 0 0 0 0 0 0 0 0 0 
1 0 1 1 0 0 0 0 1 1 
0 0 1 1 0 0 0 0 0 1 
0 0 0 1 0 1 1 1 1 0 
0 0 0 1 1 0 0 1 1 0 
0 0 0 1 1 1 0 0 0 0 
0 0 0 0 1 0 0 0 0 0 

Itération: 101
0 0 0 0 0 1 1 1 0 0 
0 0 0 0 0 0 1 0 0 0 
0 0 0 0 0 1 0 1 0 0 
0 0 0 0 0 0 1 0 0 0 
0 0 0 0 0 0 0 0 0 0 
0 0 0 0 0 0 0 0 0 0 
0 0 0 0 0 1 1 1 0 0 
0 0 0 0 0 0 0 0 0 0 
0 0 0 0 0 0 0 0 0 1 
1 1 1 1 0 0 0 0 1 1 
1 1 0 0 0 0 1 0 0 0 
0 0 0 0 0 1 1 0 0 1 
0 0 1 0 0 0 0 0 1 0 
0 0 0 0 0 1 0 0 0 0 
0 0 0 1 0 0 1 0 0 0 

Itération: 102
0 0 0 0 0 1 1 1 0 0 
0 0 0 0 0 0 1 0 0 0 
0 0 0 0 0 1 0 1 0 0 
0 0 0 0 0 0 1 0 0 0 
0 0 0 0 0 0 0 0 0 0 
0 0 0 0 0 0 1 0 0 0 
0 0 0 0 0 0 1 0 0 0 
0 0 0 0 0 0 1 0 0 0 
0 1 1 0 0 0 0 0 1 1 
0 0 1 0 0 0 0 0 1 0 
0 0 0 0 0 1 1 1 1 0 
1 1 0 0 0 1 1 1 0 1 
0 0 0 0 0 1 1 0 0 0 
0 0 0 0 0 0 0 0 0 0 
0 0 0 0 1 0 0 1 0 0 

Itération: 103
0 0 0 0 0 1 1 1 0 0 
0 0 0 0 0 0 1 0 0 0 
0 0 0 0 0 1 0 1 0 0 
0 0 0 0 0 0 1 0 0 0 
0 0 0 0 0 0 0 0 0 0 
0 0 0 0 0 0 0 0 0 0 
0 0 0 0 0 1 1 1 0 0 
0 0 0 0 0 0 0 1 0 0 
0 1 1 0 0 0 0 1 1 1 
0 1 1 0 0 0 1 0 0 0 
1 1 0 0 0 1 0 0 0 0 
1 0 0 0 1 0 0 0 0 1 
1 0 0 0 0 1 0 1 0 0 
0 0 0 0 0 1 1 0 0 0 
0 0 0 0 0 1 0 1 0 0 

Itération: 104
0 0 0 0 0 1 1 1 0 0 
0 0 0 0 0 0 1 0 0 0 
0 0 0 0 0 1 0 1 0 0 
0 0 0 0 0 0 1 0 0 0 
0 0 0 0 0 0 0 0 0 0 
0 0 0 0 0 0 1 0 0 0 
0 0 0 0 0 0 1 1 0 0 
0 0 0 0 0 0 0 0 0 0 
1 1 1 0 0 0 1 1 1 0 
0 0 0 0 0 0 1 1 1 1 
0 0 1 0 0 1 0 0 0 1 
0 0 0 0 1 1 1 0 0 1 
1 0 0 0 1 1 0 0 0 1 
0 0 0 0 1 1 0 1 0 0 
0 0 0 0 1 0 0 1 0 0 

Itération: 105
0 0 0 0 0 1 1 1 0 0 
0 0 0 0 0 0 1 0 0 0 
0 0 0 0 0 1 0 1 0 0 
0 0 0 0 0 0 1 0 0 0 
0 0 0 0 0 0 0 0 0 0 
0 0 0 0 0 0 1 1 0 0 
0 0 0 0 0 0 1 1 0 0 
0 1 0 0 0 0 0 0 1 0 
1 1 0 0 0 0 1 0 0 0 
0 0 1 0 0 1 0 0 0 0 
1 0 0 0 1 0 0 0 0 1 
0 0 0 1 0 0 1 0 1 1 
1 0 0 1 0 0 0 0 1 1 
0 0 0 1 0 0 0 0 1 0 
0 0 0 0 1 0 0 1 1 0 

Itération: 106
0 0 0 0 0 1 1 0 1 0 
0 0 0 0 0 0 1 0 0 0 
0 0 0 0 0 1 0 1 0 0 
0 0 0 0 0 0 1 0 0 0 
0 0 0 0 0 0 0 0 0 0 
0 0 0 0 0 0 1 1 0 0 
0 0 0 0 0 0 1 0 1 0 
1 1 0 0 0 0 1 0 0 0 
1 1 1 0 0 0 0 0 0 0 
0 0 0 0 0 1 0 0 0 1 
1 0 0 1 1 1 0 0 1 1 
0 0 0 1 1 0 0 1 0 0 
1 0 1 1 1 0 0 0 0 0 
0 0 0 1 1 0 0 0 0 0 
0 0 0 0 1 1 0 0 1 0 

